datafiles/swiss_ppt/swiss_dem.asc
ncols 377
nrows 254
xllcorner 2468964
yllcorner 1058734
cellsize 1009.975000
NODATA_value -9999
[rows 152 to 189 of 254, columns 85 to 169 of 377]
869 884 792 851 840 846 1000 1128 1295 1172 1055 1138 1215 911 734 716 697 689 905 1082 1387 1099 1078 1501 1353 993 1053 1052 1121 1386 1346 1478 1492 1208 1350 1526 1491 1154 944 1158 1517 1756 2010 1594 1679 1642 1757 1166 1198 1675 1533 1484 1433 1611 2057 2021 1707 1236 1041 773 764 1045 1339 1035 1138 1246 1612 2258 2250 1850 1856 2269 2439 2382 1910 1768 2017 1642 952 1217 1398 2240 2222 1922 1713
835 783 843 850 848 898 1167 1256 1306 1070 1037 1301 1304 1049 822 764 729 706 1105 1443 1558 1242 1063 1468 1293 1145 1376 1309 1287 1668 1506 1713 1443 1308 1341 1521 1408 1081 921 1022 1515 1844 1855 1724 1825 1799 1800 1165 1334 1777 1773 1506 1594 1943 2035 1734 1547 1026 874 779 1061 1296 1581 1302 947 1001 1801 2113 1875 2075 2161 2394 2543 2458 2013 2136 1947 1678 1212 1275 1531 2223 2199 1941 1998
747 842 833 820 872 943 1153 1297 1221 1072 1104 1307 1237 1002 945 833 709 756 991 1574 1664 1162 1329 1665 1350 1436 1830 1815 1507 1477 1712 1495 1244 1480 1589 1560 1332 1192 1018 930 1589 1738 1837 1812 1770 1416 1297 1261 1552 1993 1807 1654 1607 2006 2174 1495 1312 976 841 781 1176 1406 1815 1544 1137 979 1300 1577 1687 2077 1978 2350 2499 2342 2247 2561 2066 1845 1313 1492 1722 2021 1987 2149 2563
827 841 811 822 894 1022 1287 1390 1232 1253 1297 1335 1343 1163 1089 897 712 710 1042 1618 1610 1274 1592 1554 1515 1422 1742 1636 1588 1770 1750 1331 1567 1619 1778 1477 1358 1279 947 998 1372 1487 1771 1853 1930 1652 1281 1367 1586 1952 1997 2022 1547 1926 1951 1492 1242 881 893 794 1162 1378 1985 1638 1387 1150 1580 1452 1446 1535 1614 2136 2398 2328 2528 2471 2191 1900 1058 1338 1644 1712 1825 2200 2802
832 816 837 833 964 1152 1422 1364 1218 1379 1440 1514 1373 1472 1240 985 717 724 1147 1708 1601 1429 1668 1990 1776 1381 1805 1774 1917 1859 1558 1546 1784 1801 1727 1652 1601 1194 934 1005 1479 1602 1953 2010 2065 1367 1325 1282 1817 1863 2185 2207 1644 1917 1736 1275 1106 1026 1232 809 1140 1432 1962 1938 1542 1252 1444 1810 1758 1795 2122 2394 2564 2622 2526 2382 1884 1808 869 1565 1538 1700 1826 2522 3145
790 837 840 854 1031 1214 1446 1361 1253 1401 1635 1697 1503 1380 1162 778 740 752 1356 1809 1639 1696 1952 1788 1534 1540 1868 1834 1750 1657 1627 1726 1831 1623 1647 1599 1377 1082 961 980 1244 1395 1799 1953 2004 1835 1668 1680 1680 2009 2186 2447 2297 2114 1549 1041 983 1277 1513 829 1089 1438 2177 2175 1735 1441 1179 1510 1810 2435 2485 2575 2504 2581 2152 2011 1890 1659 884 2265 2353 2523 2808 2864 3369
763 822 840 863 1030 1118 1213 1249 1216 1646 1747 1330 1305 1403 870 745 769 953 1322 1660 1909 2039 1890 1778 1429 1657 1866 1691 1425 1547 1815 1764 1831 1610 1443 1492 1160 1112 1094 958 1445 1553 1879 2170 2174 1927 1919 1725 1599 1788 2034 2226 1951 1750 1353 1083 1295 1758 2056 1233 989 1427 2177 2328 2194 1822 1486 1443 1510 2169 2536 2758 2212 2075 2061 2014 1562 1398 955 2123 2442 3230 3348 3543 3400
789 805 819 848 947 999 1088 1147 1259 1534 1440 1173 1088 1180 746 802 984 1035 1373 1722 1806 2057 2046 1716 1546 1876 1739 1633 1347 1484 1768 1520 1602 1522 1379 1216 1226 1342 1330 960 1567 1775 1957 1901 1790 1874 2054 2066 1656 1763 2264 2079 1565 1619 1190 1275 1438 2019 2173 1580 959 1123 1736 1787 2384 2317 2019 2131 1945 1700 2012 2597 2295 1718 1901 1944 1966 1665 1086 2005 2368 3275 3618 3601 3259
830 864 817 841 1052 1108 1091 1174 1314 1470 1396 1539 1179 943 750 785 1238 1234 1334 1803 2048 1732 1805 1358 1685 1603 1634 1768 1380 1413 1796 1566 1422 1284 1249 1294 1435 1522 1155 972 1429 1601 1792 1407 1441 1533 1649 1980 2116 1947 2121 1810 1574 1407 1130 1457 1627 1887 2008 1816 1020 1026 1718 2102 2432 2595 2522 2419 2267 2001 1989 2717 2610 1968 2163 2396 2066 1456 1446 2128 2467 2716 2763 3614 3522
822 690 788 826 1146 1321 1210 1291 1328 1488 1562 1572 1130 906 756 892 1414 1521 1390 1807 2108 1641 1417 1380 1429 1383 1631 1744 1249 1387 1683 1448 1356 1320 1381 1516 1720 1773 1225 999 1171 1338 1598 1523 1863 1980 1710 1813 2261 2523 1850 1539 1417 1212 1192 1543 1730 1949 2082 1883 1120 1147 2188 2359 2404 2182 2358 2555 2662 2389 2123 2471 3073 2932 2950 2579 1755 1618 1749 2363 2814 3309 3514 3670 3299
636 675 926 1225 1148 1183 1284 1504 1488 1730 1685 1373 981 841 849 1075 1624 1623 1612 2029 1930 1396 1240 1318 1232 1315 1671 1665 1188 1544 1499 1236 1244 1460 1523 1791 1884 1814 1361 1161 999 1343 1266 1622 1789 1945 2168 2173 2318 2176 1857 1718 1593 1185 1296 1683 1792 2145 2267 1948 1241 1176 1703 1730 1743 1954 2195 2684 2887 2749 2602 2577 2686 2589 2463 2242 2095 2088 2318 2914 3189 3663 3767 3453 3092
582 693 1059 1313 1185 1372 1466 1336 1401 1635 1460 1004 848 811 1045 1153 1487 1875 2010 1761 1520 1388 1424 1171 1187 1263 1232 1132 1160 1180 1179 1182 1288 1684 1689 1877 1906 1800 1371 1357 1271 1024 1142 1498 1573 2025 2292 2466 2050 1853 1889 1882 1382 1254 1443 1792 1936 2265 2123 1656 1179 1185 1419 1566 1588 1723 2284 3039 3077 3388 3332 2849 2663 2609 2618 2443 2286 2408 2553 3413 3717 3547 3511 3334 3003
611 658 1013 1227 1073 1513 1592 1470 1575 1494 1344 961 816 966 1175 1392 1385 1673 1406 1353 1205 1326 1471 1088 1045 986 1024 1046 1012 1018 1025 1122 1274 1772 1802 1743 1732 1770 1496 1521 1599 1095 1025 1586 1729 1777 2101 2285 1614 1520 1470 1527 1285 1406 1398 1814 2046 2272 2084 1669 1186 1504 1772 1974 2182 2172 2361 3059 3421 2949 2703 2752 2894 2843 3036 2758 2696 2972 3344 3263 3310 3511 3415 3166 3004
566 604 882 989 975 1375 1487 1545 1777 1453 1158 1105 1042 843 1046 1122 1020 1192 1039 927 946 981 982 1209 1466 1185 1253 1253 1378 1131 1062 1093 1196 1444 1401 1397 1425 1612 1695 1663 1643 1297 1032 1414 1653 1947 2060 2137 1646 1718 1458 1472 1292 1701 1560 2091 2466 2149 1866 1546 1398 1905 2199 2347 2743 2765 2724 3091 2895 2588 2632 2784 2984 3076 3177 3123 3409 2968 3034 3083 3048 3302 3389 3114 3035
497 542 639 742 950 1250 1426 1393 1703 1323 1054 1456 1527 1084 950 864 913 892 904 979 1134 1175 1184 1498 1785 2028 1751 1749 1343 1534 1373 1086 1109 1243 1318 1600 1604 1498 1845 1858 1707 1383 1078 1236 1396 1746 1919 2120 1872 1844 1504 1722 1352 1874 2175 2451 2807 1804 1641 1524 1883 2167 2570 2736 2995 3377 2988 2710 2473 2544 2736 3008 3124 3104 2937 2844 3086 2526 2728 2892 2918 2893 2937 3470 3628
433 451 582 742 1083 997 1062 1321 1526 1265 1086 1391 1685 1312 1251 1248 1169 987 966 1457 1394 1425 1427 1343 2034 2011 1720 1581 1419 1485 1203 1221 1365 1227 1933 1713 2326 1968 1915 2220 1938 1357 1147 1102 1250 1569 1725 2103 1760 1657 1588 1817 1397 2041 2444 2750 2375 1769 2001 1857 1371 1673 2056 2077 2569 2982 2473 1982 2317 2798 2990 3151 2953 2867 2636 2462 2951 2272 2542 2585 2555 2845 3327 3151 3617
388 421 503 611 822 873 1136 1456 1633 1587 1243 1118 1561 1529 1656 1512 1323 1278 1266 1371 1485 1859 1524 1503 2052 1893 1633 1576 1547 1274 1085 1471 1693 1192 1971 1945 2323 2084 1894 2166 1612 1522 1481 1075 1074 1534 1894 2010 1995 1879 1827 2032 1541 1990 2188 2424 2103 1968 2086 1882 2055 1553 1441 1458 1897 2299 2018 2010 2417 3102 3085 2919 2576 2557 2527 2174 2594 2196 2189 2341 2518 3482 3335 2843 3208
370 370 370 582 693 1040 1190 1624 1760 1733 1429 1218 1383 1654 1446 1399 1614 1470 1313 1155 1307 1860 1811 2018 2118 1952 1650 1480 1427 1389 1097 1671 1842 1186 1699 1882 2225 2084 1966 1987 1705 1725 1618 1134 1079 1338 1792 1899 2042 2245 2310 2035 1964 2199 2390 2422 2364 2032 2089 2341 2587 2499 2189 2265 1585 1695 1739 2456 2792 3041 2842 2498 2619 2225 2320 2050 2081 1996 2077 2573 2897 3315 3397 2773 2891
370 370 370 394 667 923 1095 1673 1732 1657 1400 1402 1224 1357 1258 1487 1583 1490 1386 1156 1142 1495 1646 1706 1893 1855 1889 1734 1872 1480 1118 1527 1787 1256 1392 1510 1759 1887 2009 1883 1877 1723 1475 1313 1363 1098 1326 1584 1833 2080 2338 2189 2137 2372 2622 2619 2527 2191 2515 2389 3124 3411 3341 2813 2355 2765 3063 2690 2593 2442 2339 2009 1824 1748 1766 1912 1911 2194 2390 3031 3056 2961 3180 2646 2875
370 370 370 370 443 1092 1368 1298 1228 1632 1839 1731 1267 1255 1370 1383 1398 1381 1425 1426 1385 1208 1334 1337 1708 2084 2064 1902 1868 1334 1137 1474 1695 1362 1276 1393 1635 1773 1985 1949 1904 1599 1428 1454 1760 1462 1372 1441 2110 2232 2472 2650 2567 2705 2750 2526 2324 2341 2864 2900 2900 3161 3277 2846 2740 2778 2755 2456 2259 2086 1840 1683 1624 1808 2271 2391 2763 3526 3503 2932 2996 2615 2564 2447 2478
370 370 370 370 370 1026 987 952 1201 1793 1550 1344 1416 1339 1566 1597 1673 1390 1498 1663 1700 1291 1716 1629 1585 1945 1845 1445 1435 1248 1137 1497 1735 1459 1246 1319 1646 1670 1959 1868 1752 1691 1557 1451 1730 1731 1477 1837 2477 2557 2959 2994 2982 2909 2754 2524 2416 2402 3059 3292 2896 2720 2678 2866 2627 2425 2416 2118 2030 1758 1476 1553 2074 2398 2731 2940 3384 3157 3401 3475 3440 2926 2824 2697 2340
370 373 373 373 375 667 1080 1259 1687 1603 1403 1470 1636 1474 1644 1886 1636 1427 1460 1638 1655 1370 1991 1789 1650 1916 1608 1643 1668 1311 1154 1503 1638 1665 1289 1327 1734 1938 2074 1836 1727 1817 1842 1561 1690 2250 2082 2185 2573 2811 3111 2897 2682 2548 2356 2437 2235 2571 2647 2526 2129 2178 2592 2954 2416 2159 1980 1768 1623 1421 1716 1985 2420 2666 3190 3198 3188 2852 2908 3000 3014 3258 3135 2898 2732
373 373 375 374 375 815 1273 1439 1468 1518 1794 1965 1723 1619 1795 1758 1605 1458 1551 1650 1879 1790 1865 1714 1822 1909 1551 1843 1874 1372 1194 1414 1609 1762 1413 1363 1946 2025 2083 1867 2105 1984 1760 1729 2078 2520 2351 2405 2646 2778 3035 2995 2584 2334 2304 2353 2282 2083 1961 1942 2099 2298 2775 2672 2557 2164 1884 1393 1388 1738 2110 2383 2738 3066 3444 3143 2831 2675 2756 2565 2728 2988 2808 2598 2561
374 374 378 376 375 1054 1268 1465 1613 1877 2088 2003 1563 1408 1554 1408 1387 1824 1872 1850 2173 2160 1935 1915 1963 1845 1612 1877 1790 1278 1179 1537 1741 1845 1826 1540 1823 1931 2375 2250 2109 1952 2080 2389 2423 2658 2771 2733 2724 2768 2819 3013 2898 2800 2727 2701 1877 1574 1665 1776 2338 2734 2806 2776 2452 2160 1801 1468 1831 2163 2482 2776 3115 3115 3309 3193 2722 2415 2820 2222 2435 2780 2489 2346 2324
374 375 379 377 451 1193 1440 1570 1803 2041 1986 1785 1533 1363 1295 1276 1411 1745 1810 1799 1758 1787 1844 1772 2069 1863 1830 1631 1431 1269 1230 1453 2135 2314 2025 1746 2098 2195 2544 2395 2585 2509 2473 2405 2519 2806 2762 2750 2763 2775 2803 2749 2841 2788 2682 2364 1878 1393 1858 2235 2722 2817 2624 2657 2548 2057 1775 1727 2087 2496 3042 3095 2760 2640 2846 2864 2633 2294 2630 2346 2012 2529 2352 2231 2053
377 376 379 380 381 1003 1339 1440 1452 1757 1791 1602 1253 1009 1123 1154 1231 1317 1409 1400 1428 1459 1562 1647 1760 1750 1583 1338 1402 2173 2187 1626 2317 2579 2192 1988 2632 2559 2703 2802 2680 2345 2385 2701 2642 2554 2819 2813 2631 2537 2406 2491 2640 2588 2455 1828 1583 1439 2205 2373 2709 2465 2438 2651 2364 2166 1697 1676 2144 2822 2919 3020 2420 2197 2670 2709 1957 2335 2653 2345 1921 2532 2052 2060 1644
385 379 377 378 380 611 949 1086 1335 1680 1624 1389 1086 930 1034 1172 1171 1099 1124 1148 1176 1175 1364 1431 1540 1566 1645 1754 1727 2505 2456 2118 2405 2653 2444 2574 2795 3131 2878 2547 2432 2098 2345 2549 2497 2483 2550 2626 2787 2364 2143 2447 2563 2637 2570 1584 1397 1741 2059 2270 2415 2323 2354 2553 2600 2190 1827 1434 1910 2857 2522 2701 2117 1917 2752 2517 1689 2626 2727 2491 1869 2451 1975 1742 1407
754 378 378 378 379 490 829 906 1520 1647 1344 1262 973 1190 1398 1396 1491 1510 1469 1431 1343 1179 1277 1336 1642 2003 2204 2162 1896 2585 2427 2163 2362 2821 2845 2879 2794 2946 2573 2542 2691 2206 1873 1676 2052 1910 2462 2345 2469 2370 1920 2229 2332 2407 2431 1518 1279 1584 1956 2041 2358 2207 2333 2483 2390 2083 1715 1381 1905 2791 2186 2538 1927 1786 2869 2501 1554 2264 2487 2642 1981 2266 2036 1593 1293
538 378 379 381 381 391 575 746 1416 1329 1229 1097 823 1244 1533 1572 1717 1691 1758 1651 1517 1325 1446 1794 2129 2422 2712 2291 2147 2719 2513 2188 2398 2623 2569 2516 2541 2713 2597 2476 2185 2004 1934 1386 1687 1862 2138 2068 1857 1800 1690 1503 1584 1708 1693 1676 1376 1093 1642 1891 2200 2044 2220 2277 2166 1847 1457 1481 1964 2440 2042 2334 1793 1775 2571 2395 1457 2061 2326 2558 2101 2048 2092 1757 1134
798 381 379 381 383 389 440 571 1104 1087 770 678 1070 1497 1947 1763 1808 1808 1870 1700 1456 1563 1366 1738 2465 2792 2860 2558 2580 2374 2310 2231 2372 2484 2584 2600 2370 2609 2647 2541 2374 2058 1909 1378 1825 2107 1932 1775 1584 1428 1334 1163 1286 1228 1177 1267 1218 916 1349 1423 1465 1281 1587 1521 1525 1345 920 1473 1462 1563 1666 1362 1638 1797 2134 2266 1354 2155 2386 2395 2194 1790 1993 1596 1009
972 397 389 382 384 388 403 419 646 586 785 980 1434 1764 1843 1850 1881 1770 1696 1739 1599 1750 1470 1521 2319 2856 2818 2672 2550 2423 2322 2150 2032 2238 2401 2328 2307 2322 2334 2225 2138 1850 1765 1161 1816 1790 1726 1591 1289 1115 929 920 886 824 886 880 789 762 979 1034 1217 1135 1215 1105 1130 935 717 929 931 1071 1047 1035 1211 1266 1222 1213 1070 1554 1624 1667 1634 1225 1193 1023 676
1023 473 393 382 385 386 398 411 578 732 902 1056 1590 1553 1485 1623 1612 1518 1563 1688 1895 1968 2238 2252 2833 2836 2846 2641 2553 2393 2312 2106 1646 1745 1917 1950 2350 1949 2085 2067 1915 1536 1366 1056 1574 1571 1468 1361 1181 1037 769 700 642 595 585 570 577 614 640 762 885 868 655 631 630 631 633 629 630 638 694 772 799 896 846 808 933 1274 1294 1356 1302 1049 669 670 692
1184 997 642 388 385 387 389 394 611 710 924 1304 1319 1284 1357 1519 1410 1529 1642 1728 2254 2547 2713 2788 3086 2225 1973 2301 2281 2263 2200 2229 1781 1530 1557 1711 2522 1871 1693 1842 1627 1287 1106 1281 1458 1453 1331 1226 951 842 661 576 555 553 554 569 650 688 672 637 618 619 645 650 652 681 755 841 822 637 638 637 639 639 646 648 676 775 848 860 770 681 692 803 845
1421 1287 738 389 388 388 389 393 399 410 694 1146 1082 1230 1314 1332 1457 1700 1878 1938 1710 1824 2128 2228 2336 1900 1699 1656 1592 1938 2341 2228 1938 1751 1295 1618 2282 1664 1585 1542 1416 1126 965 1235 1380 1379 1210 1103 727 635 545 534 548 575 574 713 713 757 727 675 638 628 864 955 1123 1114 1225 1370 1298 1091 1014 938 903 810 831 781 650 652 656 708 776 1039 1264 1300 1389
1485 1395 947 462 390 389 389 390 407 418 593 659 828 1158 1201 1122 1169 1471 1447 1435 1723 1977 1968 2024 2018 1620 1489 1438 1614 2381 2216 2094 1817 1613 1158 1441 1908 1449 1425 1333 1202 988 849 1140 1247 1163 1013 906 613 546 541 531 638 998 1083 1438 1189 976 1267 1033 926 1056 1147 1100 1397 1590 1706 1666 1544 1311 1166 1248 1394 1428 1347 1368 666 1058 1207 1190 1369 1349 1457 1752 2198
1536 1662 1234 665 550 394 391 392 416 433 478 712 855 955 955 1180 1396 1707 1915 2086 1802 1902 2283 2040 2050 1528 1478 1403 1608 2324 2159 1965 1518 1341 1096 1481 1554 1189 1236 1175 1057 819 794 1127 957 839 787 619 518 521 531 923 1176 1579 1796 1558 1341 1385 1722 1492 1440 1548 1382 1389 1761 2159 2159 1865 1692 1447 1379 1323 1569 1627 1518 1286 818 1004 1224 1722 1939 1531 1737 2067 2476
1746 1815 1523 1012 605 407 396 394 409 420 616 517 587 815 837 1177 1357 1442 1752 1654 2018 2492 2553 2127 1914 2234 2214 1268 1198 2045 1977 1749 1256 1101 1274 1527 1277 1008 1085 991 901 681 865 903 635 549 509 510 519 692 942 935 1308 1524 1673 2073 2067 1825 2281 2099 2125 2165 1694 1433 1922 2497 2415 2107 1920 1716 1611 1609 1624 1735 1639 1181 787 1079 1357 1792 2119 1779 1792 2091 2423
1753 1766 1632 1095 618 435 404 400 398 406 436 467 720 1266 1214 1084 1139 1232 1428 1741 2305 2639 2462 2125 2123 2379 2112 1364 1088 1837 1422 1249 912 745 980 966 863 743 883 868 734 659 787 543 505 511 511 524 625 1075 1324 858 962 1390 1706 2259 2485 2192 2477 2306 2573 2446 2010 1488 1818 2703 2650 2345 2137 2001 1990 1962 1896 1965 1806 1043 706 1122 1352 1742 1974 2184 1955 2307 2576
