datafiles/swiss_ppt/swiss_dem.asc
ncols 377
nrows 254
xllcorner 2468964
yllcorner 1058734
cellsize 1009.975000
NODATA_value -9999
[rows 76 to 113 of 254, columns 170 to 254 of 377]
565 516 570 500 469 559 577 571 585 596 519 507 534 640 688 557 449 449 543 584 665 737 687 585 529 448 450 450 383 382 401 454 484 473 494 595 664 624 850 654 571 489 559 441 406 406 451 506 571 644 704 728 662 533 491 491 497 488 492 511 523 537 536 544 571 615 863 918 832 703 745 906 1114 1014 814 856 989 1153 1075 1043 955 774 611 633 852
577 511 588 575 488 512 603 629 592 594 614 513 509 649 740 596 449 449 537 604 669 745 736 627 590 479 459 459 385 384 383 437 487 482 496 540 683 712 688 783 684 509 531 486 406 406 406 431 522 559 565 640 663 571 503 509 517 511 496 500 526 525 518 516 539 571 709 712 716 658 764 926 977 864 789 907 1083 979 910 960 844 901 751 627 659
604 539 629 580 485 505 621 679 603 628 658 536 517 518 603 579 449 449 500 591 667 749 783 671 627 516 466 469 385 384 383 416 443 484 491 527 681 733 643 802 819 588 507 587 409 406 406 406 419 465 471 507 545 626 549 533 536 520 509 520 519 518 507 504 514 536 569 633 634 678 700 745 897 647 783 815 844 814 796 807 855 1076 943 789 647
608 598 612 581 481 487 614 684 646 624 695 578 556 515 520 554 474 449 472 545 666 744 807 729 672 561 482 471 413 385 384 419 425 460 481 541 594 637 639 684 739 689 579 616 462 412 406 406 406 406 406 442 465 553 593 574 551 548 504 521 521 510 501 484 462 479 529 591 581 550 568 590 644 631 667 644 767 769 790 907 995 1175 1032 914 729
577 610 611 589 497 480 623 638 729 678 695 656 677 535 530 600 539 449 464 497 612 742 804 803 735 606 514 488 429 393 387 412 442 444 463 524 624 598 596 683 658 801 653 548 622 510 425 410 406 406 406 406 406 406 454 469 516 502 466 458 471 479 487 457 456 462 477 494 540 544 525 536 509 562 573 609 674 748 845 1058 1131 1220 1065 1026 897
574 612 639 609 523 481 603 686 809 785 697 746 796 616 551 579 610 494 454 466 620 722 764 822 810 649 567 510 445 422 388 388 425 449 446 470 565 582 583 591 596 631 706 630 733 692 591 523 555 448 413 406 406 406 406 410 432 429 439 410 406 406 419 433 448 458 460 446 481 481 474 493 489 516 514 550 590 668 788 903 982 1168 1171 1176 1046
513 607 641 694 642 515 490 576 761 718 768 684 692 663 633 596 670 639 465 471 513 672 741 816 849 737 578 552 481 461 390 389 390 405 419 445 489 500 565 567 584 621 657 655 671 718 655 584 578 523 468 406 406 406 406 406 406 406 406 406 406 406 411 419 413 420 425 433 467 453 471 466 441 416 449 486 540 562 653 896 986 997 1169 1293 1202
577 692 683 682 687 546 485 498 617 679 725 745 686 665 662 603 688 681 480 467 480 615 667 773 834 782 588 542 484 463 398 391 391 436 427 443 471 495 544 564 533 582 579 598 637 696 672 670 585 624 586 488 429 406 406 406 406 406 406 406 406 406 406 410 406 406 423 444 406 406 406 407 409 407 408 411 458 469 574 678 749 933 1104 1374 1247
500 538 536 593 623 584 486 489 588 651 719 762 720 697 667 639 722 732 507 463 463 559 619 732 780 778 610 546 485 477 416 393 392 436 423 447 469 484 524 527 525 487 534 583 609 595 651 668 625 627 621 558 535 412 406 406 406 406 406 406 407 406 406 406 406 406 406 406 406 406 406 490 440 408 408 410 407 416 470 626 860 926 1016 1339 1185
519 517 500 506 515 547 489 488 515 572 733 804 739 695 706 652 749 788 581 480 463 506 556 642 695 756 627 563 477 473 414 395 395 404 439 433 441 461 487 480 445 506 593 668 661 609 615 676 684 625 624 596 562 453 406 406 445 420 411 410 410 406 406 406 406 406 411 410 474 575 530 409 407 407 408 409 413 414 423 615 799 1141 994 1288 1292
618 665 656 532 510 544 516 488 495 510 665 765 689 715 745 650 751 803 676 559 463 480 515 584 636 711 618 562 480 451 410 396 397 418 427 439 424 426 435 432 445 489 509 680 728 739 658 666 698 668 645 619 602 565 519 504 499 502 469 506 478 422 406 406 408 413 417 420 470 480 488 408 408 408 408 410 503 494 443 517 691 1127 1227 1192 1525
534 580 561 543 569 543 514 500 493 498 579 660 654 762 782 668 707 784 730 646 463 468 480 542 576 640 605 553 487 468 410 397 398 439 435 436 415 418 423 425 437 545 580 724 745 731 708 630 706 717 706 661 654 608 581 607 671 694 698 647 616 533 484 432 425 426 423 426 428 424 419 410 409 410 410 410 568 476 419 455 614 1043 1242 1358 1668
503 500 500 505 507 513 509 509 495 499 517 615 661 760 764 717 692 749 767 709 513 466 490 512 544 592 594 546 498 474 415 399 406 466 436 415 413 415 418 422 438 560 603 728 783 820 736 723 696 726 711 710 720 735 717 737 845 928 929 848 829 743 665 571 487 473 432 435 439 428 421 412 416 410 412 412 473 410 408 434 556 1002 1407 1554 1424
508 500 500 503 508 509 506 510 501 502 504 560 634 719 735 747 706 724 761 720 568 468 480 497 531 561 576 530 495 484 419 400 447 468 441 413 413 413 413 415 503 644 655 796 824 820 799 759 686 717 720 853 933 912 821 803 859 923 904 958 1033 977 856 818 647 632 542 504 473 470 450 449 441 437 487 441 408 407 402 428 578 1399 1587 1268 1448
512 513 505 509 538 627 598 547 517 509 504 504 563 699 698 740 720 722 723 718 609 476 477 502 513 520 516 511 499 491 417 401 449 447 438 413 413 413 413 413 628 732 719 806 908 876 876 895 840 943 995 1105 1102 1042 986 844 860 898 893 897 1003 1131 1114 963 846 1089 998 785 833 1057 1157 1113 1096 927 763 758 429 414 404 437 738 1329 1295 925 1273
516 518 520 530 621 651 694 634 539 522 504 504 504 569 605 672 702 706 700 683 609 492 482 503 510 496 499 501 498 506 419 403 434 439 445 413 413 413 413 442 742 855 762 759 860 983 1054 1083 1067 1144 1079 1016 947 889 857 895 933 895 889 889 919 1098 1137 1134 1196 1205 993 838 712 929 999 1264 1308 1219 1062 1039 673 455 402 472 676 1076 935 636 954
540 523 519 543 554 563 666 682 587 543 510 504 504 504 527 577 607 627 645 644 600 515 499 506 519 479 485 488 520 521 412 404 434 428 439 413 413 413 413 471 826 864 781 748 730 727 759 796 912 950 1056 956 904 929 966 1019 875 897 889 889 914 990 988 1168 1262 1142 888 729 783 851 856 1136 1241 1401 1218 1308 1153 868 424 415 456 622 501 450 415
559 620 655 548 543 551 638 697 681 634 610 549 512 504 504 519 555 562 579 589 568 532 525 506 494 447 450 452 502 443 407 558 548 568 489 437 413 413 531 820 979 936 816 766 750 726 724 724 844 973 1082 912 907 978 1114 900 883 909 911 889 893 995 1024 1124 1186 1074 860 759 934 948 1020 1017 1224 1425 1373 1331 1177 1063 701 424 416 422 423 423 415
561 659 663 621 577 544 581 605 603 634 691 649 603 512 504 510 552 558 579 583 561 535 521 476 482 426 418 418 426 412 428 672 696 552 463 422 413 413 555 706 972 943 965 793 766 763 724 724 724 888 1002 907 947 1041 1131 942 909 1012 960 889 889 1065 1142 1234 1255 1107 1071 970 767 847 1167 1074 1292 1506 1389 1461 1268 1224 713 509 412 411 412 438 640
599 559 573 568 592 551 552 559 601 640 704 732 715 594 564 520 526 547 556 565 542 512 491 464 451 419 416 414 413 418 511 780 700 509 435 465 452 413 446 598 932 1013 1072 854 853 1051 958 775 724 787 1036 916 1055 1284 1239 921 967 1012 926 895 889 1128 1278 1259 1304 1319 1445 1431 838 886 1130 1240 1182 1459 1418 1340 1463 1422 1175 852 406 471 655 888 970
621 585 629 581 573 582 558 567 599 643 725 744 755 666 626 552 541 556 536 547 522 504 491 450 437 419 417 427 424 430 720 702 645 470 444 510 413 413 413 465 810 999 1099 910 896 1008 1117 905 724 796 1104 944 1067 1226 1106 927 1218 1064 997 970 889 1147 1055 1025 1084 1485 1398 1299 910 900 1092 1348 1343 1732 1687 1437 1206 1173 1179 1041 417 586 820 1260 1402
705 594 618 604 602 625 600 591 623 683 793 813 807 767 719 610 544 542 535 529 505 475 459 429 426 421 448 444 449 526 757 623 573 500 503 439 413 413 413 413 635 941 1047 1089 1100 1211 1292 1008 749 874 1017 988 1121 1194 1057 953 1324 1084 1310 1189 901 889 904 1124 1160 1296 1360 1247 1023 900 921 1375 1946 1416 1422 1421 1154 1096 891 831 419 476 727 1328 1555
739 665 690 595 641 617 619 610 612 621 703 771 787 805 745 619 565 561 531 525 501 461 445 428 426 455 423 435 603 594 614 585 557 465 448 566 413 413 413 413 593 1017 1114 1325 1400 1396 1107 939 796 868 944 1047 1224 1315 1145 1007 1375 1159 1416 1280 1205 889 890 1217 1307 1354 1381 1282 1150 1011 900 1580 1794 1834 1613 1075 986 1002 1113 1053 417 488 726 1187 1359
797 715 756 640 607 637 620 623 613 616 637 680 727 795 767 646 562 557 534 518 506 443 432 426 433 440 498 588 659 625 580 599 535 435 503 731 536 429 413 413 488 1062 1257 1372 1308 1153 942 829 802 914 1128 1153 1235 1343 1183 1061 1355 1221 1473 1369 1267 898 892 897 980 1183 1320 1380 1132 957 917 1331 1532 1728 1395 1159 1333 1439 1522 1071 422 746 990 1617 1787
812 808 852 763 700 617 667 635 610 642 692 670 669 714 719 620 572 551 541 542 486 438 434 469 439 487 585 595 541 549 606 496 446 472 557 897 899 822 418 413 423 850 1005 1073 1045 947 788 732 910 1041 1338 1259 1343 1335 1110 1153 1451 1359 1388 1297 1070 906 913 898 907 1021 1280 1394 1086 931 1273 1721 1859 1387 1203 1782 1974 2010 1115 523 475 963 1232 1675 1868
894 845 834 825 761 632 667 634 625 738 764 747 719 678 664 649 580 556 537 527 450 462 442 464 466 536 598 544 596 600 527 434 434 518 684 1069 1226 1262 621 434 428 548 715 818 827 779 671 705 995 1188 1296 1373 1469 1262 1038 1305 1496 1455 1296 1220 1031 916 1023 1201 1154 1183 1806 1765 1178 1234 1660 2020 1783 1776 1893 1877 1692 1434 788 523 475 962 1231 1706 1977
922 914 865 759 747 668 620 600 576 624 764 817 803 731 693 626 551 521 505 476 477 497 463 445 435 434 462 547 568 530 434 434 434 602 864 1168 1569 1655 1136 764 442 484 526 537 595 540 509 590 941 1097 1240 1430 1410 1154 1072 1396 1444 1357 1115 1044 1138 1068 1230 1595 1676 1072 1715 1660 1589 1718 1897 1906 1788 1786 1756 1618 980 789 636 550 482 657 1006 1874 2176
941 850 896 878 848 691 705 748 739 649 571 724 765 623 551 492 479 474 468 480 616 607 570 443 438 434 434 529 476 440 434 434 458 672 998 1463 1445 1371 1308 1020 637 529 524 496 459 447 451 456 532 634 825 1264 1427 1198 1211 1503 1392 1340 1127 1084 1101 1112 1542 1804 1727 1234 1816 1605 1762 1793 1543 1538 1558 1634 1358 997 878 986 703 623 483 480 634 1483 1758
834 848 795 825 787 651 721 808 959 911 707 560 571 598 643 778 923 890 661 587 579 530 474 452 490 521 434 434 434 434 434 434 434 434 434 592 898 1130 1506 1430 1363 1014 865 691 602 537 447 530 491 549 724 1048 1393 1399 1366 1529 1355 1262 1174 1195 1462 1030 1443 1763 1480 1564 1678 1507 1552 1375 1051 886 971 1032 848 848 1039 1057 1200 1201 679 470 528 1318 1632
926 851 844 741 709 713 748 857 990 880 660 663 696 784 844 862 970 1013 747 781 839 683 594 446 461 489 434 434 434 434 434 434 434 434 434 434 600 822 1323 1436 1332 1209 1197 964 900 828 838 621 462 489 564 854 1032 1466 1398 1423 1328 1260 1349 1370 1511 1066 1412 1789 1591 1775 1479 1339 1176 1139 888 909 848 868 1007 1489 1542 1615 2011 1814 789 643 536 1208 1644
1019 895 803 742 812 664 785 926 858 845 641 854 904 814 772 861 1063 1090 863 911 1005 817 693 457 437 523 434 434 434 434 434 434 434 434 434 434 434 522 1040 1184 1067 1090 1330 1212 1216 1040 496 445 449 457 528 723 893 1152 1139 1333 1458 1393 1583 1480 1335 1205 1563 1963 1770 1890 1571 1412 1735 1477 1230 1672 1934 1628 1715 2638 2469 2339 1772 1352 803 673 565 1345 1619
1014 900 902 783 889 685 794 944 929 937 801 774 769 812 846 911 979 986 983 1037 1127 995 842 527 434 463 434 434 434 434 451 435 434 434 434 434 434 503 1100 1108 727 1109 1300 833 647 522 439 441 450 456 603 766 830 1014 1085 1232 1323 1503 1701 1602 1635 1686 1901 2007 2027 1753 1577 1872 1989 1978 1235 1572 2042 2326 2433 2605 2727 2392 1710 1291 703 636 648 1009 1011
923 983 928 740 867 694 869 1000 1015 1022 870 802 840 1009 1005 1109 1264 1103 1157 1195 1238 1021 866 551 458 434 434 434 715 763 919 752 653 558 472 434 440 548 665 620 538 962 762 434 434 434 452 531 603 574 839 742 777 956 1058 1021 1075 1366 1610 1687 1542 1534 1415 1447 1544 1559 1589 2067 2235 2086 1740 1284 1526 2151 2421 2794 2423 1847 1628 1235 585 543 602 774 787
856 942 805 828 822 716 912 1007 1074 1116 949 895 1068 1149 1255 1463 1341 1110 1310 1414 1279 950 798 539 455 434 434 557 741 802 789 500 436 434 434 434 434 434 434 434 434 434 434 434 434 434 434 714 814 811 889 948 725 571 576 862 1010 1258 1118 987 957 1006 1189 1336 1378 1593 1757 2116 2192 2035 1886 1662 1810 2281 2481 2216 2016 1502 1180 827 544 641 812 1443 1431
934 836 913 765 697 775 913 972 1141 1167 1052 980 1114 1254 1371 1376 1183 1184 1437 1770 1775 1168 874 661 517 439 519 658 809 678 459 438 436 434 434 434 434 434 434 434 434 434 434 603 707 434 434 692 1280 1438 1352 1295 1138 1066 846 606 606 737 698 707 931 1201 1367 1474 1529 1675 1759 2101 2117 1991 1895 1790 1922 2236 2290 1976 1829 1385 890 591 729 958 960 1663 1963
995 947 838 706 775 878 842 882 1070 1089 1156 1214 1355 1385 1613 1727 1526 1725 1826 1794 1621 1025 704 536 521 434 439 458 445 449 450 451 494 520 480 443 434 434 434 434 434 464 733 1035 973 434 434 844 1787 1710 1377 1406 1438 1338 1318 994 771 620 661 670 887 1183 1415 1532 1611 1705 1783 2022 2164 2083 1888 2090 2351 1825 1747 1525 1688 1072 590 750 1358 1423 1320 1651 1977
978 766 717 824 925 975 1024 1029 978 999 1096 1354 1540 1651 1515 1440 1415 1488 1521 1599 1381 676 458 434 434 529 454 448 449 452 509 592 639 893 800 574 538 464 440 561 745 802 882 822 800 434 434 797 1542 1655 1658 1669 1664 1523 1599 1428 1225 1128 1054 1153 1139 964 970 1562 1613 1593 1673 1856 2257 2230 2231 2237 2249 1960 1807 1632 1530 940 696 1025 1669 1678 1647 1667 1937
850 723 728 975 1033 1121 1098 1003 1113 1186 1025 1357 1500 1598 1477 1348 1200 1157 1250 1180 781 439 436 520 759 519 591 554 484 455 552 824 937 1371 1076 807 892 883 903 852 912 991 1195 1105 880 434 434 538 940 1150 1411 1535 1562 1694 1689 1397 1426 1580 1247 1655 1793 1775 1103 1126 1488 1672 1824 1969 1985 2018 2064 2085 2059 1715 1659 1473 1317 646 893 1185 1724 1733 1712 1782 2013
