datafiles/swiss_ppt/swiss_dem.asc
ncols 377
nrows 254
xllcorner 2468964
yllcorner 1058734
cellsize 1009.975000
NODATA_value -9999
[rows 76 to 113 of 254, columns 85 to 169 of 377]
-9999 -9999 -9999 -9999 -9999 -9999 -9999 -9999 624 727 820 951 974 978 985 958 906 891 909 977 1020 966 985 983 978 994 988 895 748 1007 991 1017 1066 1098 1021 1049 982 852 720 678 774 684 647 640 652 695 740 1089 1078 916 811 845 794 670 647 785 821 835 883 971 1034 1022 822 488 462 455 451 447 480 457 474 462 430 428 417 480 470 461 440 439 427 428 465 579 642
-9999 -9999 -9999 -9999 -9999 -9999 -9999 -9999 832 893 904 997 969 977 943 953 961 964 961 988 981 1004 1049 1069 965 874 853 849 800 942 1106 1070 993 993 823 727 675 626 587 558 564 578 625 647 659 749 943 1068 838 759 691 721 706 732 986 979 1055 1052 1058 1066 787 710 544 463 459 454 452 486 480 439 429 427 431 426 403 455 487 466 430 467 434 433 445 515 586
-9999 -9999 -9999 -9999 -9999 -9999 -9999 -9999 685 902 978 1008 943 952 981 1013 1020 998 1005 1012 1048 1052 1021 958 942 1038 1055 1061 1094 1196 1295 1268 1159 1018 874 813 870 681 885 963 619 645 714 785 872 770 946 766 737 729 844 905 1072 1106 1020 855 914 884 786 725 621 592 478 460 459 455 453 480 440 430 426 422 422 406 450 483 495 470 480 476 488 449 439 531 594
-9999 -9999 -9999 -9999 -9999 -9999 -9999 -9999 674 929 952 982 956 968 1021 1016 1010 1020 1020 1022 1043 1050 1066 975 927 997 1025 990 1095 1218 1081 964 866 850 929 985 1001 964 1125 1180 1160 1118 1192 1111 948 917 1005 1210 1202 1050 1103 1072 887 797 669 721 730 730 652 596 492 481 461 460 460 458 458 478 436 441 412 414 421 460 464 471 467 465 470 493 525 478 443 467 541
-9999 -9999 -9999 -9999 -9999 -9999 -9999 -9999 734 961 968 969 998 999 1015 1014 1020 1023 1027 1029 1118 1119 1135 1120 903 824 800 770 799 796 801 793 742 741 736 750 755 717 767 810 819 859 1040 1239 1230 1168 1227 1025 956 1026 831 696 582 542 510 484 465 463 461 478 472 473 474 468 470 480 479 448 425 419 468 491 438 493 500 483 522 482 477 486 533 528 450 456 483
-9999 -9999 -9999 -9999 -9999 -9999 -9999 710 938 1030 960 999 1019 1053 1009 1008 1001 1012 1028 1088 1148 1136 1025 952 802 795 796 753 740 737 733 714 704 711 706 707 688 768 815 896 1125 1267 1192 1300 1143 960 837 715 681 648 604 550 575 534 512 465 437 475 425 422 417 421 439 489 474 455 418 435 452 452 451 455 465 445 485 513 531 495 536 522 503 504 456 456 475
-9999 -9999 -9999 -9999 -9999 -9999 614 925 1010 963 979 1004 1037 1021 1007 993 1006 1038 1057 984 885 885 950 878 835 796 771 781 792 822 824 811 820 839 870 935 996 1146 1186 1285 1345 1178 1080 1023 745 670 612 577 554 546 522 545 480 468 459 423 422 422 425 426 465 467 470 439 420 431 448 467 460 461 460 478 484 452 461 512 547 536 532 562 665 581 516 465 471
-9999 -9999 -9999 -9999 -9999 750 942 982 973 978 1036 1059 1018 1003 995 1026 1039 938 919 908 972 1000 1002 1005 871 776 766 850 904 947 1095 1165 1183 1230 1233 1179 1185 1219 1233 1233 1170 968 800 710 624 569 563 531 504 503 500 494 454 429 425 427 428 427 440 436 478 486 471 448 455 450 494 471 464 468 470 482 494 471 468 526 556 548 554 590 621 572 501 498 470
-9999 -9999 -9999 713 994 1004 1014 986 1005 1087 1079 1036 991 990 1067 1039 1028 984 1017 1050 1095 1095 1041 1031 947 857 939 1112 1162 1259 1231 1202 1158 1123 1128 1027 994 1047 1112 1071 825 714 609 543 518 498 475 443 442 443 443 445 426 430 430 432 432 432 463 465 481 481 464 444 451 470 474 470 477 477 482 499 504 505 481 522 590 579 645 653 588 551 548 475 477
-9999 -9999 828 909 991 1040 1063 1126 1129 1049 1030 1034 1027 1037 1084 1166 1155 1168 1143 1093 887 810 825 865 889 924 1125 1139 1158 1000 956 792 832 890 1064 1117 1131 1024 745 648 564 557 508 459 467 437 429 427 428 428 427 435 434 433 433 436 437 443 462 469 471 469 459 461 466 478 487 505 507 486 492 509 517 535 516 544 564 629 675 690 610 566 558 479 513
-9999 -9999 923 966 1023 1088 1082 1049 1043 1037 1082 1148 1237 1228 1155 934 815 714 877 714 717 692 664 658 662 912 960 757 800 668 689 730 955 1001 968 828 775 698 593 514 465 465 450 437 434 428 428 427 428 428 448 456 459 469 440 441 441 445 462 466 468 469 467 466 473 499 518 512 497 508 502 534 547 574 556 517 597 629 710 692 639 609 611 487 491
-9999 800 952 1019 1037 1033 1030 1030 1035 1057 1184 1207 1228 1165 920 722 700 719 751 850 881 836 1082 1125 745 669 649 626 640 627 897 925 855 746 759 795 770 637 493 460 441 438 433 429 427 427 428 458 458 484 512 517 462 444 443 445 445 448 467 478 493 495 460 473 490 516 506 487 508 527 510 576 606 572 542 561 535 604 680 665 591 651 609 490 494
791 732 1002 1010 1023 1030 1040 1035 1066 1152 1245 1209 1004 906 747 735 777 943 1071 1144 1128 1150 1239 1260 1280 1135 1133 1112 839 632 668 899 789 923 846 674 555 454 441 442 430 429 428 427 428 459 477 492 526 543 539 507 456 446 448 450 449 473 487 501 489 473 464 478 487 485 481 511 538 545 524 591 641 600 575 600 585 605 703 663 583 570 560 499 504
-9999 837 971 1011 1044 1041 1045 1120 1155 1211 1202 960 796 769 796 933 1083 1199 1213 1185 1220 1228 1282 1265 1206 980 834 658 622 654 595 620 440 440 484 544 521 448 429 429 429 428 427 454 493 496 534 545 541 527 490 466 467 451 453 454 460 479 490 495 468 468 494 472 475 489 512 551 572 578 531 578 641 640 606 665 617 587 711 714 612 633 583 507 507
993 1015 959 994 1043 1090 1138 1192 1187 1188 832 807 772 994 1079 1237 1281 1311 1312 1264 1267 1259 1227 1071 1019 757 730 709 734 677 499 471 451 509 502 441 435 430 430 429 430 435 502 556 557 550 532 556 493 484 466 463 457 457 458 458 456 471 491 490 472 509 550 480 532 531 565 609 629 602 539 558 633 702 634 696 638 659 631 703 653 659 620 572 515
989 987 953 1029 1061 1150 1182 1166 968 836 808 826 1014 1155 1296 1450 1466 1409 1315 1249 1177 1154 1156 1133 1007 792 908 840 618 517 438 441 469 503 490 433 430 431 430 430 444 469 522 556 557 530 568 545 524 498 463 464 466 468 468 468 469 484 474 473 486 493 532 570 575 570 569 663 603 587 573 630 651 705 672 665 658 696 636 681 723 656 627 538 585
987 988 1003 1094 1099 1122 1032 849 822 880 1069 1100 1128 1322 1392 1545 1526 1310 1085 1032 1167 1317 1292 1055 914 1024 960 708 436 433 448 475 452 435 431 430 430 430 451 466 491 491 535 547 553 612 602 604 552 471 467 470 470 477 473 479 473 499 533 559 566 543 517 559 634 677 625 688 593 649 571 580 650 699 669 660 685 693 693 659 700 706 675 548 543
1012 1035 1058 1087 1070 912 855 935 1088 1095 1106 1118 1236 1406 1491 1414 1298 1121 976 1105 1250 1213 969 994 1036 933 723 429 430 431 440 451 470 431 431 431 430 492 517 470 491 499 540 588 600 628 609 609 473 465 469 476 473 479 479 479 478 486 564 575 571 547 605 618 632 740 696 659 637 651 664 620 596 698 703 688 638 636 618 617 663 667 695 688 660
1101 1049 1063 1051 929 901 1019 1118 1175 1155 1129 1109 1346 1473 1350 1129 1050 952 1008 1038 934 858 861 966 952 630 472 429 432 430 432 432 434 433 432 432 432 455 457 458 509 512 561 578 604 617 568 478 466 467 488 479 480 483 484 484 483 502 540 512 592 520 630 649 627 768 723 658 693 675 694 691 702 681 715 668 678 709 666 647 729 701 662 623 594
1139 1071 954 1065 1112 1160 1158 1202 1192 1171 1117 1069 1352 1210 1104 960 902 878 901 839 803 788 862 743 670 429 429 431 468 490 475 473 526 434 434 434 434 442 458 473 521 567 620 611 601 470 468 467 494 493 493 483 485 489 490 489 490 532 529 535 533 606 666 703 746 786 699 691 713 691 707 737 697 648 654 672 730 721 665 666 730 658 684 593 632
1135 993 1132 1189 1237 1157 1072 944 897 884 1040 1222 1225 1017 956 843 826 811 805 806 818 806 739 637 431 429 429 441 466 508 520 456 437 435 435 437 445 483 514 518 542 563 634 472 470 469 469 489 522 500 486 489 490 495 496 500 532 578 533 540 527 586 584 647 696 799 711 755 748 740 744 723 647 698 709 693 754 721 697 690 726 717 670 655 709
1110 1127 1280 1331 1310 1111 1029 1021 946 901 1112 1251 1030 928 951 810 793 805 820 835 830 776 525 429 429 429 429 452 514 519 450 438 437 436 436 482 498 513 526 528 497 476 472 480 494 479 506 532 526 516 488 491 494 500 501 499 573 555 569 546 594 659 631 650 680 778 762 766 765 740 712 668 696 724 755 759 768 785 719 706 793 678 666 693 684
1193 1302 1322 1260 1184 1066 975 947 849 823 1206 1123 995 985 903 794 794 827 796 661 429 429 429 429 429 429 463 507 544 501 440 439 439 437 458 496 513 513 502 483 475 479 494 523 535 538 526 554 531 513 491 493 498 503 506 505 514 561 581 554 623 651 673 699 734 780 744 717 707 705 709 739 726 740 772 798 809 775 784 708 778 734 700 717 711
1281 1213 1188 1141 1079 847 735 737 782 832 1237 1002 912 841 776 677 690 667 462 432 429 432 429 429 429 492 491 468 447 449 441 440 440 442 458 520 543 556 525 506 507 511 526 553 550 542 543 575 538 525 506 494 501 508 510 515 524 542 550 598 677 712 706 774 822 774 718 718 771 739 748 766 740 788 776 824 834 799 769 750 796 725 676 791 723
1305 1165 1115 841 790 736 727 739 814 893 1120 879 855 692 630 511 450 434 429 429 431 429 429 429 431 460 444 444 449 439 445 444 443 466 478 480 499 508 526 529 522 504 520 557 553 571 584 579 534 540 514 502 507 512 513 517 534 549 579 642 659 700 725 800 793 796 732 730 799 770 807 789 776 805 801 822 866 812 850 799 816 736 703 817 730
1238 952 864 783 761 728 729 747 828 1121 1033 782 711 465 436 433 429 429 429 429 429 429 429 434 460 436 448 452 450 445 446 445 445 494 506 488 494 508 520 516 535 552 560 592 592 585 574 555 538 540 513 512 512 522 518 532 529 533 592 675 611 713 788 725 781 801 743 747 811 824 897 816 829 845 845 852 861 825 866 797 884 753 720 830 792
1097 880 817 761 745 736 759 788 1059 1125 733 614 527 435 432 431 433 434 429 429 429 433 443 462 440 441 438 445 444 445 446 447 451 523 509 541 538 521 515 516 538 566 585 595 586 559 551 546 529 518 518 521 533 543 571 587 620 553 623 598 653 754 773 729 745 804 755 749 831 842 837 908 919 908 957 962 941 919 872 834 890 813 755 909 848
1028 810 783 736 718 728 851 973 1147 1008 598 523 436 431 431 434 561 539 433 432 511 502 530 439 439 464 452 446 446 445 455 461 514 519 542 551 610 589 537 528 530 529 530 540 548 562 571 558 523 518 525 531 547 578 583 602 592 579 553 630 755 743 683 716 751 783 717 756 740 775 771 816 811 908 882 1027 995 1015 918 860 856 823 815 914 933
851 782 761 729 700 783 1126 1127 909 652 563 443 460 432 448 567 477 449 446 459 549 543 454 439 444 439 448 450 450 458 490 504 525 554 585 661 701 661 621 596 630 642 607 532 525 525 569 564 520 519 538 577 562 602 585 670 651 658 555 560 700 651 645 741 772 723 703 709 789 846 920 850 973 988 1098 1070 998 1069 1026 940 929 934 931 908 850
807 767 745 702 696 1011 1039 911 630 558 461 470 463 430 441 510 458 449 473 541 546 458 442 461 462 438 440 445 473 486 458 521 553 589 617 731 738 705 657 652 670 644 627 577 565 549 524 524 528 531 550 606 596 604 670 685 691 736 566 563 576 675 697 790 739 649 740 799 767 789 856 930 869 1016 1041 1127 1016 1070 1070 939 960 960 1002 937 929
790 789 779 702 677 664 714 659 500 433 435 453 445 430 431 435 434 442 506 513 504 438 441 460 438 438 439 448 498 474 517 584 636 671 685 793 745 746 665 658 675 654 615 586 580 560 549 544 538 563 591 676 660 598 703 695 749 795 611 587 574 611 673 657 627 638 785 724 747 804 896 994 999 929 961 1117 1162 1039 1089 1086 1072 1098 1133 1025 1034
787 753 701 619 561 497 433 429 429 429 429 429 429 430 433 433 435 435 479 477 461 438 440 439 436 438 444 483 484 460 584 647 718 777 785 771 698 663 620 624 661 618 594 582 567 560 571 578 635 637 690 653 605 633 665 700 797 757 679 690 600 590 590 612 619 695 680 748 803 833 908 998 1058 1050 1093 1033 1250 1217 1214 1153 1212 1223 1212 1159 1112
639 600 547 518 429 429 429 429 429 429 429 429 429 429 431 432 432 433 446 438 435 437 436 436 437 437 478 490 499 512 563 633 683 682 701 697 624 626 630 621 595 583 576 569 557 556 605 613 770 748 702 688 654 739 784 789 733 773 777 720 639 630 649 598 599 612 723 811 848 928 937 1085 1046 1096 1007 1122 1101 1119 1224 1106 1196 1127 1175 1024 1051
542 477 448 429 429 429 429 429 429 429 429 429 429 429 431 431 432 431 432 432 432 433 434 434 435 436 483 489 515 469 508 608 601 622 644 638 605 645 635 629 588 580 580 575 507 548 581 641 688 717 763 792 660 852 821 844 805 847 762 672 680 702 674 685 637 613 645 725 839 836 921 1017 1018 947 1018 1180 1141 1003 1118 1009 1177 1108 1128 975 914
465 429 429 429 429 429 429 429 429 429 429 429 429 430 432 431 432 434 431 432 432 433 434 436 440 453 489 491 510 465 488 540 549 596 616 618 575 609 603 585 586 585 572 526 521 523 555 586 638 763 860 826 624 834 841 907 864 807 670 703 731 774 702 727 741 664 640 675 724 800 884 1017 924 1016 1082 1209 1021 969 1055 952 1015 1160 1175 1080 1018
444 429 429 429 429 429 429 429 429 429 429 429 429 433 435 456 577 601 529 430 432 432 436 438 465 464 489 488 499 493 529 549 551 488 511 490 485 533 535 548 527 520 516 495 534 528 556 541 594 698 753 735 604 835 778 854 865 793 751 828 770 769 713 749 791 779 628 660 810 849 823 919 854 1017 1010 1066 1017 950 957 915 998 1169 1027 954 938
436 429 429 429 429 429 429 429 429 429 429 432 434 450 486 494 560 507 429 429 430 433 437 475 513 501 479 497 470 560 570 651 661 633 627 610 592 593 574 548 550 551 552 541 558 554 558 550 575 620 644 692 606 713 827 894 840 696 900 873 874 743 786 785 861 809 644 636 821 875 909 828 947 977 944 994 1002 887 888 948 1101 1058 1023 1038 1072
432 429 429 429 429 429 429 429 429 429 432 460 482 507 495 490 429 429 429 429 429 437 444 497 518 515 492 510 474 554 617 661 681 593 574 557 562 561 550 553 552 550 543 530 527 554 563 555 688 728 721 570 560 707 801 846 851 699 880 931 829 813 848 833 911 800 654 644 836 731 885 834 913 884 950 1007 979 861 974 1044 1099 1005 970 1032 957
