proj:       0
zone:       0
north:      128262.1515625
south:      -127261.5234375
east:       194194.225
west:       -185556.375
cols:       376
rows:       253
e-w resol:  1009.975
n-s resol:  1009.975
format:     -1
compressed: 1
